{
 "cells": [
  {
   "cell_type": "code",
   "execution_count": 1,
   "metadata": {},
   "outputs": [],
   "source": [
    "import gpytorch\n",
    "import torch\n",
    "import torchvision\n",
    "from torch import nn\n",
    "from torch.autograd import Variable\n",
    "from torchvision import transforms\n",
    "\n",
    "gpytorch.functions.use_toeplitz = False"
   ]
  },
  {
   "cell_type": "code",
   "execution_count": 2,
   "metadata": {},
   "outputs": [],
   "source": [
    "class FeatureExtractor(nn.Sequential):\n",
    "    \n",
    "    def __init__(self):\n",
    "        super(FeatureExtractor, self).__init__(nn.Conv2d(1, 32, kernel_size=5, padding=2),\n",
    "                                 nn.BatchNorm2d(32),\n",
    "                                 nn.ReLU(),\n",
    "                                 nn.MaxPool2d(2, 2),\n",
    "                                 nn.Conv2d(32, 64, kernel_size=5, padding=2),\n",
    "                                 nn.BatchNorm2d(64),\n",
    "                                 nn.ReLU(),\n",
    "                                 nn.MaxPool2d(2, 2))\n",
    "        \n",
    "class Bottleneck(nn.Sequential):\n",
    "    \n",
    "    def __init__(self):\n",
    "        super(Bottleneck, self).__init__(nn.Linear(64*7*7, 128),\n",
    "                                         nn.BatchNorm1d(128),\n",
    "                                 nn.ReLU(),\n",
    "                                 nn.Linear(128, 128),\n",
    "                                 nn.BatchNorm1d(128),\n",
    "                                 nn.ReLU(),\n",
    "                                 nn.Linear(128,2),\n",
    "                                 nn.BatchNorm1d(2))\n",
    "\n",
    "class LeNet(nn.Module):\n",
    "    \n",
    "    def __init__(self):\n",
    "        super(LeNet, self).__init__()\n",
    "        self.feature_extractor = FeatureExtractor()\n",
    "        self.bottleneck = Bottleneck()\n",
    "        self.final_layer = nn.Sequential(\n",
    "                                 nn.ReLU(),\n",
    "                                 nn.Linear(2,10))\n",
    "    \n",
    "    def forward(self, x):\n",
    "        features = self.feature_extractor(x)\n",
    "        bottlenecked_features = self.bottleneck(features.view(-1, 64 * 7 * 7))\n",
    "        classification = self.final_layer(bottlenecked_features)\n",
    "        return classification\n",
    "        "
   ]
  },
  {
   "cell_type": "code",
   "execution_count": 3,
   "metadata": {},
   "outputs": [],
   "source": [
    "train_mnist = torchvision.datasets.MNIST('/tmp', train=True,\n",
    "                                         download=True, transform=transforms.Compose([\n",
    "                       transforms.ToTensor(),\n",
    "                       transforms.Normalize((0.1307,), (0.3081,))\n",
    "                   ]))                                              \n",
    "test_mnist = torchvision.datasets.MNIST('/tmp', train=False,\n",
    "                                        download=True, transform=transforms.Compose([\n",
    "                       transforms.ToTensor(),\n",
    "                       transforms.Normalize((0.1307,), (0.3081,))\n",
    "                   ]))"
   ]
  },
  {
   "cell_type": "code",
   "execution_count": 4,
   "metadata": {},
   "outputs": [],
   "source": [
    "train_data_loader = torch.utils.data.DataLoader(train_mnist, shuffle=True, pin_memory=True, batch_size=256)"
   ]
  },
  {
   "cell_type": "code",
   "execution_count": 5,
   "metadata": {
    "collapsed": true
   },
   "outputs": [],
   "source": [
    "criterion = nn.CrossEntropyLoss().cuda()"
   ]
  },
  {
   "cell_type": "code",
   "execution_count": 24,
   "metadata": {
    "collapsed": true
   },
   "outputs": [],
   "source": [
    "model = LeNet().cuda()\n",
    "optimizer = torch.optim.SGD(model.parameters(), lr=0.001)"
   ]
  },
  {
   "cell_type": "code",
   "execution_count": 25,
   "metadata": {},
   "outputs": [
    {
     "name": "stdout",
     "output_type": "stream",
     "text": [
      "('Loss: ', 1.3508588075637817)\n",
      "('Loss: ', 1.2423255443572998)\n",
      "('Loss: ', 0.6224457621574402)\n",
      "('Loss: ', 0.7861056923866272)\n",
      "('Loss: ', 0.9659609198570251)\n",
      "('Loss: ', 0.5116308331489563)\n",
      "('Loss: ', 0.37412309646606445)\n",
      "('Loss: ', 0.7509298324584961)\n",
      "('Loss: ', 0.3614439070224762)\n",
      "('Loss: ', 0.5085051655769348)\n"
     ]
    }
   ],
   "source": [
    "num_epochs = 10\n",
    "for i in range(num_epochs):\n",
    "    for x, y in train_data_loader:\n",
    "        x = Variable(x.cuda())\n",
    "        y = Variable(y.cuda())\n",
    "        output = model(x)\n",
    "        loss = criterion(output, y)\n",
    "        loss.backward()\n",
    "        optimizer.step()\n",
    "    print(\"Loss: \", loss.data[0])\n",
    "    "
   ]
  },
  {
   "cell_type": "code",
   "execution_count": 57,
   "metadata": {
    "collapsed": true
   },
   "outputs": [],
   "source": [
    "from gpytorch.kernels import RBFKernel, GridInterpolationKernel\n",
    "\n",
    "class DeepKernel(gpytorch.Module):\n",
    "    def __init__(self, model):\n",
    "        super(DeepKernel, self).__init__()\n",
    "        self.feature_extractor = model.feature_extractor\n",
    "        self.bottleneck = model.bottleneck\n",
    "        self.gp_layer = GPLayer()\n",
    "        \n",
    "    def forward(self, x):\n",
    "        print('starting forward')\n",
    "        features = self.feature_extractor(x)\n",
    "        bottlenecked_features = self.bottleneck(features.view(-1, 64 * 7 * 7))\n",
    "        print('gp layer')\n",
    "        bottlenecked_features *= 0.01\n",
    "        gp_output = self.gp_layer(bottlenecked_features)\n",
    "        print('done')\n",
    "        return gp_output\n",
    "    \n",
    "    \n",
    "class LatentFunction(gpytorch.GridInducingPointModule):\n",
    "    def __init__(self):\n",
    "        super(LatentFunction, self).__init__(grid_size=100, grid_bounds=[(-7, 12)])\n",
    "        cov_module = RBFKernel()\n",
    "        cov_module.initialize(log_lengthscale=2)\n",
    "        self.cov_module = cov_module\n",
    "        \n",
    "    def forward(self, x):\n",
    "        mean = Variable(x.data.new(len(x)).zero_())\n",
    "        covar = self.cov_module(x)\n",
    "        print(covar.evaluate())\n",
    "        return gpytorch.random_variables.GaussianRandomVariable(mean, covar)\n",
    "\n",
    "    \n",
    "class GPLayer(gpytorch.GPModel):\n",
    "    def __init__(self, n_dims=2):\n",
    "        super(GPLayer, self).__init__(gpytorch.likelihoods.BernoulliLikelihood())\n",
    "        self.latent_functions = [LatentFunction() for i in xrange(n_dims)]\n",
    "        for i, latent_function in enumerate(self.latent_functions):\n",
    "            self.add_module('latent_function_%d' % i, latent_function)\n",
    "    \n",
    "    def forward(self, x):\n",
    "        outputs = [latent_function(x[:, i].contiguous()) for i, latent_function in enumerate(self.latent_functions)]\n",
    "        res = sum(outputs)\n",
    "        return res\n",
    "    "
   ]
  },
  {
   "cell_type": "code",
   "execution_count": 58,
   "metadata": {},
   "outputs": [],
   "source": [
    "deep_kernel = DeepKernel(model).cuda()"
   ]
  },
  {
   "cell_type": "code",
   "execution_count": 59,
   "metadata": {
    "collapsed": true
   },
   "outputs": [],
   "source": [
    "gp_data_loader = torch.utils.data.DataLoader(train_mnist, batch_size=128, pin_memory=True)"
   ]
  },
  {
   "cell_type": "code",
   "execution_count": 60,
   "metadata": {
    "scrolled": true
   },
   "outputs": [
    {
     "name": "stdout",
     "output_type": "stream",
     "text": [
      "starting forward\n",
      "gp layer\n",
      "Variable containing:\n",
      " 1.0000e+00  9.9482e-01  9.7945e-01  ...   6.1783e-22  2.2455e-22  8.0770e-23\n",
      " 9.9482e-01  1.0000e+00  9.9482e-01  ...   1.6824e-21  6.1784e-22  2.2455e-22\n",
      " 9.7945e-01  9.9482e-01  1.0000e+00  ...   4.5338e-21  1.6824e-21  6.1783e-22\n",
      "                ...                   ⋱                   ...                \n",
      " 6.1783e-22  1.6824e-21  4.5338e-21  ...   1.0000e+00  9.9482e-01  9.7945e-01\n",
      " 2.2455e-22  6.1784e-22  1.6824e-21  ...   9.9482e-01  1.0000e+00  9.9483e-01\n",
      " 8.0770e-23  2.2455e-22  6.1783e-22  ...   9.7945e-01  9.9483e-01  1.0000e+00\n",
      "[torch.cuda.FloatTensor of size 100x100 (GPU 0)]\n",
      "\n",
      "Variable containing:\n",
      " 1.0000e+00  9.9482e-01  9.7945e-01  ...   6.1783e-22  2.2455e-22  8.0770e-23\n",
      " 9.9482e-01  1.0000e+00  9.9482e-01  ...   1.6824e-21  6.1784e-22  2.2455e-22\n",
      " 9.7945e-01  9.9482e-01  1.0000e+00  ...   4.5338e-21  1.6824e-21  6.1783e-22\n",
      "                ...                   ⋱                   ...                \n",
      " 6.1783e-22  1.6824e-21  4.5338e-21  ...   1.0000e+00  9.9482e-01  9.7945e-01\n",
      " 2.2455e-22  6.1784e-22  1.6824e-21  ...   9.9482e-01  1.0000e+00  9.9483e-01\n",
      " 8.0770e-23  2.2455e-22  6.1783e-22  ...   9.7945e-01  9.9483e-01  1.0000e+00\n",
      "[torch.cuda.FloatTensor of size 100x100 (GPU 0)]\n",
      "\n",
      "done\n",
      "Iter 1/200 - Loss: 297587.438\n",
      "starting forward\n",
      "gp layer\n",
      "Variable containing:\n",
      " 1.0000e+00  9.9477e-01  9.7925e-01  ...   3.7819e-22  1.3606e-22  4.8441e-23\n",
      " 9.9477e-01  1.0000e+00  9.9477e-01  ...   1.0402e-21  3.7820e-22  1.3606e-22\n",
      " 9.7925e-01  9.9477e-01  1.0000e+00  ...   2.8314e-21  1.0402e-21  3.7819e-22\n",
      "                ...                   ⋱                   ...                \n",
      " 3.7819e-22  1.0402e-21  2.8314e-21  ...   1.0000e+00  9.9477e-01  9.7925e-01\n",
      " 1.3606e-22  3.7820e-22  1.0402e-21  ...   9.9477e-01  1.0000e+00  9.9477e-01\n",
      " 4.8441e-23  1.3606e-22  3.7819e-22  ...   9.7925e-01  9.9477e-01  1.0000e+00\n",
      "[torch.cuda.FloatTensor of size 100x100 (GPU 0)]\n",
      "\n",
      "Variable containing:\n",
      " 1.0000e+00  9.9477e-01  9.7925e-01  ...   3.7819e-22  1.3606e-22  4.8441e-23\n",
      " 9.9477e-01  1.0000e+00  9.9477e-01  ...   1.0402e-21  3.7820e-22  1.3606e-22\n",
      " 9.7925e-01  9.9477e-01  1.0000e+00  ...   2.8314e-21  1.0402e-21  3.7819e-22\n",
      "                ...                   ⋱                   ...                \n",
      " 3.7819e-22  1.0402e-21  2.8314e-21  ...   1.0000e+00  9.9477e-01  9.7925e-01\n",
      " 1.3606e-22  3.7820e-22  1.0402e-21  ...   9.9477e-01  1.0000e+00  9.9477e-01\n",
      " 4.8441e-23  1.3606e-22  3.7819e-22  ...   9.7925e-01  9.9477e-01  1.0000e+00\n",
      "[torch.cuda.FloatTensor of size 100x100 (GPU 0)]\n",
      "\n",
      "done\n",
      "Iter 1/200 - Loss: 236056.438\n",
      "starting forward\n",
      "gp layer\n",
      "Variable containing:\n",
      " 1.0000e+00  9.9472e-01  9.7904e-01  ...   2.3022e-22  8.1979e-23  2.8884e-23\n",
      " 9.9472e-01  1.0000e+00  9.9472e-01  ...   6.3971e-22  2.3022e-22  8.1978e-23\n",
      " 9.7904e-01  9.9472e-01  1.0000e+00  ...   1.7588e-21  6.3971e-22  2.3022e-22\n",
      "                ...                   ⋱                   ...                \n",
      " 2.3022e-22  6.3971e-22  1.7588e-21  ...   1.0000e+00  9.9472e-01  9.7904e-01\n",
      " 8.1979e-23  2.3022e-22  6.3971e-22  ...   9.9472e-01  1.0000e+00  9.9472e-01\n",
      " 2.8884e-23  8.1978e-23  2.3022e-22  ...   9.7904e-01  9.9472e-01  1.0000e+00\n",
      "[torch.cuda.FloatTensor of size 100x100 (GPU 0)]\n",
      "\n",
      "Variable containing:\n",
      " 1.0000e+00  9.9472e-01  9.7904e-01  ...   2.3160e-22  8.2480e-23  2.9064e-23\n",
      " 9.9472e-01  1.0000e+00  9.9472e-01  ...   6.4346e-22  2.3160e-22  8.2479e-23\n",
      " 9.7904e-01  9.9472e-01  1.0000e+00  ...   1.7689e-21  6.4346e-22  2.3160e-22\n",
      "                ...                   ⋱                   ...                \n",
      " 2.3160e-22  6.4346e-22  1.7689e-21  ...   1.0000e+00  9.9472e-01  9.7904e-01\n",
      " 8.2480e-23  2.3160e-22  6.4346e-22  ...   9.9472e-01  1.0000e+00  9.9472e-01\n",
      " 2.9064e-23  8.2479e-23  2.3160e-22  ...   9.7904e-01  9.9472e-01  1.0000e+00\n",
      "[torch.cuda.FloatTensor of size 100x100 (GPU 0)]\n",
      "\n",
      "done\n",
      "Iter 1/200 - Loss: 252117.734\n",
      "starting forward\n",
      "gp layer\n",
      "Variable containing:\n",
      " 1.0000e+00  9.9467e-01  9.7884e-01  ...   1.4020e-22  4.9412e-23  1.7230e-23\n",
      " 9.9467e-01  1.0000e+00  9.9467e-01  ...   3.9355e-22  1.4020e-22  4.9412e-23\n",
      " 9.7884e-01  9.9467e-01  1.0000e+00  ...   1.0930e-21  3.9355e-22  1.4020e-22\n",
      "                ...                   ⋱                   ...                \n",
      " 1.4020e-22  3.9355e-22  1.0930e-21  ...   1.0000e+00  9.9467e-01  9.7883e-01\n",
      " 4.9412e-23  1.4020e-22  3.9355e-22  ...   9.9467e-01  1.0000e+00  9.9467e-01\n",
      " 1.7230e-23  4.9412e-23  1.4020e-22  ...   9.7883e-01  9.9467e-01  1.0000e+00\n",
      "[torch.cuda.FloatTensor of size 100x100 (GPU 0)]\n",
      "\n",
      "Variable containing:\n",
      " 1.0000e+00  9.9467e-01  9.7884e-01  ...   1.4203e-22  5.0072e-23  1.7465e-23\n",
      " 9.9467e-01  1.0000e+00  9.9467e-01  ...   3.9859e-22  1.4203e-22  5.0072e-23\n",
      " 9.7884e-01  9.9467e-01  1.0000e+00  ...   1.1067e-21  3.9859e-22  1.4203e-22\n",
      "                ...                   ⋱                   ...                \n",
      " 1.4203e-22  3.9859e-22  1.1067e-21  ...   1.0000e+00  9.9467e-01  9.7884e-01\n",
      " 5.0072e-23  1.4203e-22  3.9859e-22  ...   9.9467e-01  1.0000e+00  9.9467e-01\n",
      " 1.7465e-23  5.0072e-23  1.4203e-22  ...   9.7884e-01  9.9467e-01  1.0000e+00\n",
      "[torch.cuda.FloatTensor of size 100x100 (GPU 0)]\n",
      "\n",
      "done\n",
      "Iter 1/200 - Loss: 241076.016\n",
      "starting forward\n",
      "gp layer\n",
      "Variable containing:\n",
      " 1.0000e+00  9.9461e-01  9.7863e-01  ...   8.6071e-23  3.0030e-23  1.0365e-23\n",
      " 9.9461e-01  1.0000e+00  9.9461e-01  ...   2.4404e-22  8.6071e-23  3.0030e-23\n",
      " 9.7863e-01  9.9461e-01  1.0000e+00  ...   6.8451e-22  2.4404e-22  8.6071e-23\n",
      "                ...                   ⋱                   ...                \n",
      " 8.6071e-23  2.4404e-22  6.8451e-22  ...   1.0000e+00  9.9461e-01  9.7863e-01\n",
      " 3.0030e-23  8.6071e-23  2.4404e-22  ...   9.9461e-01  1.0000e+00  9.9462e-01\n",
      " 1.0365e-23  3.0030e-23  8.6071e-23  ...   9.7863e-01  9.9462e-01  1.0000e+00\n",
      "[torch.cuda.FloatTensor of size 100x100 (GPU 0)]\n",
      "\n",
      "Variable containing:\n",
      " 1.0000e+00  9.9462e-01  9.7864e-01  ...   8.7720e-23  3.0618e-23  1.0572e-23\n",
      " 9.9462e-01  1.0000e+00  9.9462e-01  ...   2.4862e-22  8.7721e-23  3.0618e-23\n",
      " 9.7864e-01  9.9462e-01  1.0000e+00  ...   6.9709e-22  2.4862e-22  8.7720e-23\n",
      "                ...                   ⋱                   ...                \n",
      " 8.7720e-23  2.4862e-22  6.9709e-22  ...   1.0000e+00  9.9462e-01  9.7864e-01\n",
      " 3.0618e-23  8.7721e-23  2.4862e-22  ...   9.9462e-01  1.0000e+00  9.9462e-01\n",
      " 1.0572e-23  3.0618e-23  8.7720e-23  ...   9.7864e-01  9.9462e-01  1.0000e+00\n",
      "[torch.cuda.FloatTensor of size 100x100 (GPU 0)]\n",
      "\n",
      "done\n",
      "Iter 1/200 - Loss: 176724.172\n",
      "starting forward\n",
      "gp layer\n",
      "Variable containing:\n",
      " 1.0000e+00  9.9456e-01  9.7843e-01  ...   5.3105e-23  1.8344e-23  6.2678e-24\n",
      " 9.9456e-01  1.0000e+00  9.9456e-01  ...   1.5207e-22  5.3106e-23  1.8344e-23\n",
      " 9.7843e-01  9.9456e-01  1.0000e+00  ...   4.3075e-22  1.5207e-22  5.3105e-23\n",
      "                ...                   ⋱                   ...                \n",
      " 5.3105e-23  1.5207e-22  4.3075e-22  ...   1.0000e+00  9.9456e-01  9.7843e-01\n",
      " 1.8344e-23  5.3106e-23  1.5207e-22  ...   9.9456e-01  1.0000e+00  9.9457e-01\n",
      " 6.2678e-24  1.8344e-23  5.3105e-23  ...   9.7843e-01  9.9457e-01  1.0000e+00\n",
      "[torch.cuda.FloatTensor of size 100x100 (GPU 0)]\n",
      "\n",
      "Variable containing:\n",
      " 1.0000e+00  9.9457e-01  9.7844e-01  ...   5.4609e-23  1.8875e-23  6.4528e-24\n",
      " 9.9457e-01  1.0000e+00  9.9457e-01  ...   1.5629e-22  5.4610e-23  1.8874e-23\n",
      " 9.7844e-01  9.9457e-01  1.0000e+00  ...   4.4244e-22  1.5629e-22  5.4609e-23\n",
      "                ...                   ⋱                   ...                \n",
      " 5.4609e-23  1.5629e-22  4.4244e-22  ...   1.0000e+00  9.9457e-01  9.7844e-01\n",
      " 1.8875e-23  5.4610e-23  1.5629e-22  ...   9.9457e-01  1.0000e+00  9.9457e-01\n",
      " 6.4528e-24  1.8874e-23  5.4609e-23  ...   9.7844e-01  9.9457e-01  1.0000e+00\n",
      "[torch.cuda.FloatTensor of size 100x100 (GPU 0)]\n",
      "\n",
      "done\n",
      "Iter 1/200 - Loss: 167566.312\n",
      "starting forward\n",
      "gp layer\n",
      "Variable containing:\n",
      " 1.0000e+00  9.9451e-01  9.7823e-01  ...   3.3059e-23  1.1308e-23  3.8256e-24\n",
      " 9.9451e-01  1.0000e+00  9.9451e-01  ...   9.5593e-23  3.3060e-23  1.1308e-23\n",
      " 9.7823e-01  9.9451e-01  1.0000e+00  ...   2.7339e-22  9.5593e-23  3.3059e-23\n",
      "                ...                   ⋱                   ...                \n",
      " 3.3059e-23  9.5593e-23  2.7339e-22  ...   1.0000e+00  9.9451e-01  9.7823e-01\n",
      " 1.1308e-23  3.3060e-23  9.5593e-23  ...   9.9451e-01  1.0000e+00  9.9452e-01\n",
      " 3.8256e-24  1.1308e-23  3.3059e-23  ...   9.7823e-01  9.9452e-01  1.0000e+00\n",
      "[torch.cuda.FloatTensor of size 100x100 (GPU 0)]\n",
      "\n",
      "Variable containing:\n",
      " 1.0000e+00  9.9452e-01  9.7825e-01  ...   3.4196e-23  1.1705e-23  3.9626e-24\n",
      " 9.9452e-01  1.0000e+00  9.9452e-01  ...   9.8810e-23  3.4196e-23  1.1705e-23\n",
      " 9.7825e-01  9.9452e-01  1.0000e+00  ...   2.8239e-22  9.8810e-23  3.4196e-23\n",
      "                ...                   ⋱                   ...                \n",
      " 3.4196e-23  9.8810e-23  2.8239e-22  ...   1.0000e+00  9.9452e-01  9.7825e-01\n",
      " 1.1705e-23  3.4196e-23  9.8810e-23  ...   9.9452e-01  1.0000e+00  9.9452e-01\n",
      " 3.9626e-24  1.1705e-23  3.4196e-23  ...   9.7825e-01  9.9452e-01  1.0000e+00\n",
      "[torch.cuda.FloatTensor of size 100x100 (GPU 0)]\n",
      "\n",
      "done\n"
     ]
    },
    {
     "name": "stdout",
     "output_type": "stream",
     "text": [
      "Iter 1/200 - Loss: 130584.828\n",
      "starting forward\n",
      "gp layer\n",
      "Variable containing:\n",
      " 1.0000e+00  9.9446e-01  9.7804e-01  ...   2.0830e-23  7.0572e-24  2.3645e-24\n",
      " 9.9446e-01  1.0000e+00  9.9446e-01  ...   6.0805e-23  2.0830e-23  7.0571e-24\n",
      " 9.7804e-01  9.9446e-01  1.0000e+00  ...   1.7553e-22  6.0806e-23  2.0830e-23\n",
      "                ...                   ⋱                   ...                \n",
      " 2.0830e-23  6.0805e-23  1.7553e-22  ...   1.0000e+00  9.9446e-01  9.7804e-01\n",
      " 7.0572e-24  2.0830e-23  6.0806e-23  ...   9.9446e-01  1.0000e+00  9.9447e-01\n",
      " 2.3645e-24  7.0571e-24  2.0830e-23  ...   9.7804e-01  9.9447e-01  1.0000e+00\n",
      "[torch.cuda.FloatTensor of size 100x100 (GPU 0)]\n",
      "\n",
      "Variable containing:\n",
      " 1.0000e+00  9.9447e-01  9.7806e-01  ...   2.1703e-23  7.3592e-24  2.4678e-24\n",
      " 9.9447e-01  1.0000e+00  9.9447e-01  ...   6.3300e-23  2.1703e-23  7.3591e-24\n",
      " 9.7806e-01  9.9447e-01  1.0000e+00  ...   1.8259e-22  6.3300e-23  2.1703e-23\n",
      "                ...                   ⋱                   ...                \n",
      " 2.1703e-23  6.3300e-23  1.8259e-22  ...   1.0000e+00  9.9447e-01  9.7806e-01\n",
      " 7.3592e-24  2.1703e-23  6.3300e-23  ...   9.9447e-01  1.0000e+00  9.9447e-01\n",
      " 2.4678e-24  7.3591e-24  2.1703e-23  ...   9.7806e-01  9.9447e-01  1.0000e+00\n",
      "[torch.cuda.FloatTensor of size 100x100 (GPU 0)]\n",
      "\n",
      "done\n",
      "Iter 1/200 - Loss: 146070.156\n",
      "starting forward\n",
      "gp layer\n",
      "Variable containing:\n",
      " 1.0000e+00  9.9442e-01  9.7786e-01  ...   1.3365e-23  4.4867e-24  1.4894e-24\n",
      " 9.9442e-01  1.0000e+00  9.9442e-01  ...   3.9372e-23  1.3366e-23  4.4867e-24\n",
      " 9.7786e-01  9.9442e-01  1.0000e+00  ...   1.1469e-22  3.9372e-23  1.3365e-23\n",
      "                ...                   ⋱                   ...                \n",
      " 1.3365e-23  3.9372e-23  1.1469e-22  ...   1.0000e+00  9.9442e-01  9.7786e-01\n",
      " 4.4867e-24  1.3366e-23  3.9372e-23  ...   9.9442e-01  1.0000e+00  9.9442e-01\n",
      " 1.4894e-24  4.4867e-24  1.3365e-23  ...   9.7786e-01  9.9442e-01  1.0000e+00\n",
      "[torch.cuda.FloatTensor of size 100x100 (GPU 0)]\n",
      "\n",
      "Variable containing:\n",
      " 1.0000e+00  9.9442e-01  9.7788e-01  ...   1.3947e-23  4.6859e-24  1.5569e-24\n",
      " 9.9442e-01  1.0000e+00  9.9442e-01  ...   4.1048e-23  1.3947e-23  4.6859e-24\n",
      " 9.7788e-01  9.9442e-01  1.0000e+00  ...   1.1947e-22  4.1048e-23  1.3947e-23\n",
      "                ...                   ⋱                   ...                \n",
      " 1.3947e-23  4.1048e-23  1.1947e-22  ...   1.0000e+00  9.9442e-01  9.7787e-01\n",
      " 4.6859e-24  1.3947e-23  4.1048e-23  ...   9.9442e-01  1.0000e+00  9.9443e-01\n",
      " 1.5569e-24  4.6859e-24  1.3947e-23  ...   9.7787e-01  9.9443e-01  1.0000e+00\n",
      "[torch.cuda.FloatTensor of size 100x100 (GPU 0)]\n",
      "\n",
      "done\n",
      "Iter 1/200 - Loss: 85901.047\n",
      "starting forward\n",
      "gp layer\n",
      "Variable containing:\n",
      " 1.0000e+00  9.9437e-01  9.7768e-01  ...   8.6560e-24  2.8797e-24  9.4727e-25\n",
      " 9.9437e-01  1.0000e+00  9.9437e-01  ...   2.5727e-23  8.6561e-24  2.8797e-24\n",
      " 9.7768e-01  9.9437e-01  1.0000e+00  ...   7.5605e-23  2.5727e-23  8.6560e-24\n",
      "                ...                   ⋱                   ...                \n",
      " 8.6560e-24  2.5727e-23  7.5605e-23  ...   1.0000e+00  9.9437e-01  9.7768e-01\n",
      " 2.8797e-24  8.6561e-24  2.5727e-23  ...   9.9437e-01  1.0000e+00  9.9438e-01\n",
      " 9.4727e-25  2.8797e-24  8.6560e-24  ...   9.7768e-01  9.9438e-01  1.0000e+00\n",
      "[torch.cuda.FloatTensor of size 100x100 (GPU 0)]\n",
      "\n",
      "Variable containing:\n",
      " 1.0000e+00  9.9438e-01  9.7770e-01  ...   9.1821e-24  3.0585e-24  1.0073e-24\n",
      " 9.9438e-01  1.0000e+00  9.9438e-01  ...   2.7258e-23  9.1822e-24  3.0585e-24\n",
      " 9.7770e-01  9.9438e-01  1.0000e+00  ...   8.0008e-23  2.7258e-23  9.1821e-24\n",
      "                ...                   ⋱                   ...                \n",
      " 9.1821e-24  2.7258e-23  8.0008e-23  ...   1.0000e+00  9.9438e-01  9.7770e-01\n",
      " 3.0585e-24  9.1822e-24  2.7258e-23  ...   9.9438e-01  1.0000e+00  9.9438e-01\n",
      " 1.0073e-24  3.0585e-24  9.1821e-24  ...   9.7770e-01  9.9438e-01  1.0000e+00\n",
      "[torch.cuda.FloatTensor of size 100x100 (GPU 0)]\n",
      "\n",
      "done\n",
      "Iter 1/200 - Loss: 60847.070\n",
      "starting forward\n",
      "gp layer\n",
      "Variable containing:\n",
      " 1.0000e+00  9.9433e-01  9.7750e-01  ...   5.7041e-24  1.8813e-24  6.1347e-25\n",
      " 9.9433e-01  1.0000e+00  9.9433e-01  ...   1.7099e-23  5.7041e-24  1.8813e-24\n",
      " 9.7750e-01  9.9433e-01  1.0000e+00  ...   5.0677e-23  1.7099e-23  5.7041e-24\n",
      "                ...                   ⋱                   ...                \n",
      " 5.7041e-24  1.7099e-23  5.0677e-23  ...   1.0000e+00  9.9433e-01  9.7750e-01\n",
      " 1.8813e-24  5.7041e-24  1.7099e-23  ...   9.9433e-01  1.0000e+00  9.9433e-01\n",
      " 6.1347e-25  1.8813e-24  5.7041e-24  ...   9.7750e-01  9.9433e-01  1.0000e+00\n",
      "[torch.cuda.FloatTensor of size 100x100 (GPU 0)]\n",
      "\n",
      "Variable containing:\n",
      " 1.0000e+00  9.9434e-01  9.7754e-01  ...   6.1590e-24  2.0346e-24  6.6452e-25\n",
      " 9.9434e-01  1.0000e+00  9.9434e-01  ...   1.8434e-23  6.1591e-24  2.0346e-24\n",
      " 9.7754e-01  9.9434e-01  1.0000e+00  ...   5.4548e-23  1.8434e-23  6.1590e-24\n",
      "                ...                   ⋱                   ...                \n",
      " 6.1590e-24  1.8434e-23  5.4548e-23  ...   1.0000e+00  9.9433e-01  9.7753e-01\n",
      " 2.0346e-24  6.1591e-24  1.8434e-23  ...   9.9433e-01  1.0000e+00  9.9434e-01\n",
      " 6.6452e-25  2.0346e-24  6.1590e-24  ...   9.7753e-01  9.9434e-01  1.0000e+00\n",
      "[torch.cuda.FloatTensor of size 100x100 (GPU 0)]\n",
      "\n",
      "done\n",
      "Iter 1/200 - Loss: 58799.996\n",
      "starting forward\n",
      "gp layer\n",
      "Variable containing:\n",
      " 1.0000e+00  9.9429e-01  9.7734e-01  ...   3.8112e-24  1.2465e-24  4.0306e-25\n",
      " 9.9429e-01  1.0000e+00  9.9428e-01  ...   1.1520e-23  3.8112e-24  1.2465e-24\n",
      " 9.7734e-01  9.9428e-01  1.0000e+00  ...   3.4422e-23  1.1520e-23  3.8112e-24\n",
      "                ...                   ⋱                   ...                \n",
      " 3.8112e-24  1.1520e-23  3.4422e-23  ...   1.0000e+00  9.9428e-01  9.7734e-01\n",
      " 1.2465e-24  3.8112e-24  1.1520e-23  ...   9.9428e-01  1.0000e+00  9.9429e-01\n",
      " 4.0306e-25  1.2465e-24  3.8112e-24  ...   9.7734e-01  9.9429e-01  1.0000e+00\n",
      "[torch.cuda.FloatTensor of size 100x100 (GPU 0)]\n",
      "\n",
      "Variable containing:\n",
      " 1.0000e+00  9.9430e-01  9.7738e-01  ...   4.1942e-24  1.3746e-24  4.4535e-25\n",
      " 9.9430e-01  1.0000e+00  9.9429e-01  ...   1.2653e-23  4.1943e-24  1.3746e-24\n",
      " 9.7738e-01  9.9429e-01  1.0000e+00  ...   3.7734e-23  1.2653e-23  4.1942e-24\n",
      "                ...                   ⋱                   ...                \n",
      " 4.1942e-24  1.2653e-23  3.7734e-23  ...   1.0000e+00  9.9429e-01  9.7738e-01\n",
      " 1.3746e-24  4.1943e-24  1.2653e-23  ...   9.9429e-01  1.0000e+00  9.9430e-01\n",
      " 4.4535e-25  1.3746e-24  4.1942e-24  ...   9.7738e-01  9.9430e-01  1.0000e+00\n",
      "[torch.cuda.FloatTensor of size 100x100 (GPU 0)]\n",
      "\n",
      "done\n",
      "Iter 1/200 - Loss: 32383.123\n",
      "starting forward\n",
      "gp layer\n",
      "Variable containing:\n",
      " 1.0000e+00  9.9424e-01  9.7718e-01  ...   2.5934e-24  8.4149e-25  2.6991e-25\n",
      " 9.9424e-01  1.0000e+00  9.9424e-01  ...   7.9008e-24  2.5934e-24  8.4149e-25\n",
      " 9.7718e-01  9.9424e-01  1.0000e+00  ...   2.3794e-23  7.9008e-24  2.5934e-24\n",
      "                ...                   ⋱                   ...                \n",
      " 2.5934e-24  7.9008e-24  2.3794e-23  ...   1.0000e+00  9.9424e-01  9.7718e-01\n",
      " 8.4149e-25  2.5934e-24  7.9008e-24  ...   9.9424e-01  1.0000e+00  9.9425e-01\n",
      " 2.6991e-25  8.4149e-25  2.5934e-24  ...   9.7718e-01  9.9425e-01  1.0000e+00\n",
      "[torch.cuda.FloatTensor of size 100x100 (GPU 0)]\n",
      "\n",
      "Variable containing:\n",
      " 1.0000e+00  9.9426e-01  9.7722e-01  ...   2.9151e-24  9.4818e-25  3.0487e-25\n",
      " 9.9426e-01  1.0000e+00  9.9426e-01  ...   8.8597e-24  2.9151e-24  9.4817e-25\n",
      " 9.7722e-01  9.9426e-01  1.0000e+00  ...   2.6618e-23  8.8597e-24  2.9151e-24\n",
      "                ...                   ⋱                   ...                \n",
      " 2.9151e-24  8.8597e-24  2.6618e-23  ...   1.0000e+00  9.9426e-01  9.7722e-01\n",
      " 9.4818e-25  2.9151e-24  8.8597e-24  ...   9.9426e-01  1.0000e+00  9.9426e-01\n",
      " 3.0487e-25  9.4817e-25  2.9151e-24  ...   9.7722e-01  9.9426e-01  1.0000e+00\n",
      "[torch.cuda.FloatTensor of size 100x100 (GPU 0)]\n",
      "\n",
      "done\n",
      "Iter 1/200 - Loss: 41674.855\n",
      "starting forward\n",
      "gp layer\n",
      "Variable containing:\n",
      " 1.0000e+00  9.9421e-01  9.7702e-01  ...   1.8019e-24  5.8029e-25  1.8471e-25\n",
      " 9.9421e-01  1.0000e+00  9.9421e-01  ...   5.5308e-24  1.8019e-24  5.8028e-25\n",
      " 9.7702e-01  9.9421e-01  1.0000e+00  ...   1.6780e-23  5.5308e-24  1.8019e-24\n",
      "                ...                   ⋱                   ...                \n",
      " 1.8019e-24  5.5308e-24  1.6780e-23  ...   1.0000e+00  9.9420e-01  9.7702e-01\n",
      " 5.8029e-25  1.8019e-24  5.5308e-24  ...   9.9420e-01  1.0000e+00  9.9421e-01\n",
      " 1.8471e-25  5.8028e-25  1.8019e-24  ...   9.7702e-01  9.9421e-01  1.0000e+00\n",
      "[torch.cuda.FloatTensor of size 100x100 (GPU 0)]\n",
      "\n",
      "Variable containing:\n",
      " 1.0000e+00  9.9422e-01  9.7708e-01  ...   2.0653e-24  6.6699e-25  2.1292e-25\n",
      " 9.9422e-01  1.0000e+00  9.9422e-01  ...   6.3215e-24  2.0653e-24  6.6698e-25\n",
      " 9.7708e-01  9.9422e-01  1.0000e+00  ...   1.9126e-23  6.3215e-24  2.0653e-24\n",
      "                ...                   ⋱                   ...                \n",
      " 2.0653e-24  6.3215e-24  1.9126e-23  ...   1.0000e+00  9.9422e-01  9.7708e-01\n",
      " 6.6699e-25  2.0653e-24  6.3215e-24  ...   9.9422e-01  1.0000e+00  9.9422e-01\n",
      " 2.1292e-25  6.6698e-25  2.0653e-24  ...   9.7708e-01  9.9422e-01  1.0000e+00\n",
      "[torch.cuda.FloatTensor of size 100x100 (GPU 0)]\n",
      "\n",
      "done\n"
     ]
    },
    {
     "name": "stdout",
     "output_type": "stream",
     "text": [
      "Iter 1/200 - Loss: 39107.590\n",
      "starting forward\n",
      "gp layer\n",
      "Variable containing:\n",
      " 1.0000e+00  9.9417e-01  9.7688e-01  ...   1.2846e-24  4.1081e-25  1.2984e-25\n",
      " 9.9417e-01  1.0000e+00  9.9417e-01  ...   3.9704e-24  1.2846e-24  4.1080e-25\n",
      " 9.7688e-01  9.9417e-01  1.0000e+00  ...   1.2129e-23  3.9705e-24  1.2846e-24\n",
      "                ...                   ⋱                   ...                \n",
      " 1.2846e-24  3.9704e-24  1.2129e-23  ...   1.0000e+00  9.9417e-01  9.7688e-01\n",
      " 4.1081e-25  1.2846e-24  3.9705e-24  ...   9.9417e-01  1.0000e+00  9.9417e-01\n",
      " 1.2984e-25  4.1080e-25  1.2846e-24  ...   9.7688e-01  9.9417e-01  1.0000e+00\n",
      "[torch.cuda.FloatTensor of size 100x100 (GPU 0)]\n",
      "\n",
      "Variable containing:\n",
      " 1.0000e+00  9.9418e-01  9.7694e-01  ...   1.4734e-24  4.7251e-25  1.4977e-25\n",
      " 9.9418e-01  1.0000e+00  9.9418e-01  ...   4.5411e-24  1.4734e-24  4.7251e-25\n",
      " 9.7694e-01  9.9418e-01  1.0000e+00  ...   1.3834e-23  4.5411e-24  1.4734e-24\n",
      "                ...                   ⋱                   ...                \n",
      " 1.4734e-24  4.5411e-24  1.3834e-23  ...   1.0000e+00  9.9418e-01  9.7694e-01\n",
      " 4.7251e-25  1.4734e-24  4.5411e-24  ...   9.9418e-01  1.0000e+00  9.9419e-01\n",
      " 1.4977e-25  4.7251e-25  1.4734e-24  ...   9.7694e-01  9.9419e-01  1.0000e+00\n",
      "[torch.cuda.FloatTensor of size 100x100 (GPU 0)]\n",
      "\n",
      "done\n",
      "Iter 1/200 - Loss: 30549.229\n",
      "starting forward\n",
      "gp layer\n",
      "Variable containing:\n",
      " 1.0000e+00  9.9414e-01  9.7675e-01  ...   9.3004e-25  2.9543e-25  9.2746e-26\n",
      " 9.9414e-01  1.0000e+00  9.9414e-01  ...   2.8936e-24  9.3005e-25  2.9543e-25\n",
      " 9.7675e-01  9.9414e-01  1.0000e+00  ...   8.8976e-24  2.8936e-24  9.3004e-25\n",
      "                ...                   ⋱                   ...                \n",
      " 9.3004e-25  2.8936e-24  8.8976e-24  ...   1.0000e+00  9.9413e-01  9.7675e-01\n",
      " 2.9543e-25  9.3005e-25  2.8936e-24  ...   9.9413e-01  1.0000e+00  9.9414e-01\n",
      " 9.2746e-26  2.9543e-25  9.3004e-25  ...   9.7675e-01  9.9414e-01  1.0000e+00\n",
      "[torch.cuda.FloatTensor of size 100x100 (GPU 0)]\n",
      "\n",
      "Variable containing:\n",
      " 1.0000e+00  9.9415e-01  9.7681e-01  ...   1.0619e-24  3.3824e-25  1.0648e-25\n",
      " 9.9415e-01  1.0000e+00  9.9415e-01  ...   3.2949e-24  1.0619e-24  3.3824e-25\n",
      " 9.7681e-01  9.9415e-01  1.0000e+00  ...   1.0104e-23  3.2949e-24  1.0619e-24\n",
      "                ...                   ⋱                   ...                \n",
      " 1.0619e-24  3.2949e-24  1.0104e-23  ...   1.0000e+00  9.9415e-01  9.7680e-01\n",
      " 3.3824e-25  1.0619e-24  3.2949e-24  ...   9.9415e-01  1.0000e+00  9.9415e-01\n",
      " 1.0648e-25  3.3824e-25  1.0619e-24  ...   9.7680e-01  9.9415e-01  1.0000e+00\n",
      "[torch.cuda.FloatTensor of size 100x100 (GPU 0)]\n",
      "\n",
      "done\n",
      "Iter 1/200 - Loss: 35255.344\n",
      "starting forward\n",
      "gp layer\n",
      "Variable containing:\n",
      " 1.0000e+00  9.9410e-01  9.7662e-01  ...   6.8437e-25  2.1602e-25  6.7381e-26\n",
      " 9.9410e-01  1.0000e+00  9.9410e-01  ...   2.1427e-24  6.8438e-25  2.1601e-25\n",
      " 9.7662e-01  9.9410e-01  1.0000e+00  ...   6.6298e-24  2.1427e-24  6.8437e-25\n",
      "                ...                   ⋱                   ...                \n",
      " 6.8437e-25  2.1427e-24  6.6298e-24  ...   1.0000e+00  9.9410e-01  9.7662e-01\n",
      " 2.1602e-25  6.8438e-25  2.1427e-24  ...   9.9410e-01  1.0000e+00  9.9411e-01\n",
      " 6.7381e-26  2.1601e-25  6.8437e-25  ...   9.7662e-01  9.9411e-01  1.0000e+00\n",
      "[torch.cuda.FloatTensor of size 100x100 (GPU 0)]\n",
      "\n",
      "Variable containing:\n",
      " 1.0000e+00  9.9412e-01  9.7667e-01  ...   7.7200e-25  2.4428e-25  7.6391e-26\n",
      " 9.9412e-01  1.0000e+00  9.9412e-01  ...   2.4111e-24  7.7201e-25  2.4428e-25\n",
      " 9.7667e-01  9.9412e-01  1.0000e+00  ...   7.4420e-24  2.4111e-24  7.7200e-25\n",
      "                ...                   ⋱                   ...                \n",
      " 7.7200e-25  2.4111e-24  7.4420e-24  ...   1.0000e+00  9.9412e-01  9.7667e-01\n",
      " 2.4428e-25  7.7201e-25  2.4111e-24  ...   9.9412e-01  1.0000e+00  9.9412e-01\n",
      " 7.6391e-26  2.4428e-25  7.7200e-25  ...   9.7667e-01  9.9412e-01  1.0000e+00\n",
      "[torch.cuda.FloatTensor of size 100x100 (GPU 0)]\n",
      "\n",
      "done\n",
      "Iter 1/200 - Loss: 28400.707\n",
      "starting forward\n",
      "gp layer\n",
      "Variable containing:\n",
      " 1.0000e+00  9.9407e-01  9.7650e-01  ...   5.1225e-25  1.6072e-25  4.9830e-26\n",
      " 9.9407e-01  1.0000e+00  9.9407e-01  ...   1.6134e-24  5.1226e-25  1.6072e-25\n",
      " 9.7650e-01  9.9407e-01  1.0000e+00  ...   5.0215e-24  1.6134e-24  5.1225e-25\n",
      "                ...                   ⋱                   ...                \n",
      " 5.1225e-25  1.6134e-24  5.0215e-24  ...   1.0000e+00  9.9407e-01  9.7650e-01\n",
      " 1.6072e-25  5.1226e-25  1.6134e-24  ...   9.9407e-01  1.0000e+00  9.9408e-01\n",
      " 4.9830e-26  1.6072e-25  5.1225e-25  ...   9.7650e-01  9.9408e-01  1.0000e+00\n",
      "[torch.cuda.FloatTensor of size 100x100 (GPU 0)]\n",
      "\n",
      "Variable containing:\n",
      " 1.0000e+00  9.9408e-01  9.7654e-01  ...   5.6603e-25  1.7796e-25  5.5291e-26\n",
      " 9.9408e-01  1.0000e+00  9.9408e-01  ...   1.7791e-24  5.6604e-25  1.7796e-25\n",
      " 9.7654e-01  9.9408e-01  1.0000e+00  ...   5.5261e-24  1.7791e-24  5.6603e-25\n",
      "                ...                   ⋱                   ...                \n",
      " 5.6603e-25  1.7791e-24  5.5261e-24  ...   1.0000e+00  9.9408e-01  9.7654e-01\n",
      " 1.7796e-25  5.6604e-25  1.7791e-24  ...   9.9408e-01  1.0000e+00  9.9409e-01\n",
      " 5.5291e-26  1.7796e-25  5.6603e-25  ...   9.7654e-01  9.9409e-01  1.0000e+00\n",
      "[torch.cuda.FloatTensor of size 100x100 (GPU 0)]\n",
      "\n",
      "done\n",
      "Iter 1/200 - Loss: 18398.672\n",
      "starting forward\n",
      "gp layer\n",
      "Variable containing:\n",
      " 1.0000e+00  9.9404e-01  9.7639e-01  ...   3.8851e-25  1.2120e-25  3.7359e-26\n",
      " 9.9404e-01  1.0000e+00  9.9404e-01  ...   1.2306e-24  3.8851e-25  1.2120e-25\n",
      " 9.7639e-01  9.9404e-01  1.0000e+00  ...   3.8516e-24  1.2306e-24  3.8851e-25\n",
      "                ...                   ⋱                   ...                \n",
      " 3.8851e-25  1.2306e-24  3.8516e-24  ...   1.0000e+00  9.9404e-01  9.7639e-01\n",
      " 1.2120e-25  3.8851e-25  1.2306e-24  ...   9.9404e-01  1.0000e+00  9.9405e-01\n",
      " 3.7359e-26  1.2120e-25  3.8851e-25  ...   9.7639e-01  9.9405e-01  1.0000e+00\n",
      "[torch.cuda.FloatTensor of size 100x100 (GPU 0)]\n",
      "\n",
      "Variable containing:\n",
      " 1.0000e+00  9.9405e-01  9.7642e-01  ...   4.2305e-25  1.3221e-25  4.0825e-26\n",
      " 9.9405e-01  1.0000e+00  9.9405e-01  ...   1.3377e-24  4.2305e-25  1.3221e-25\n",
      " 9.7642e-01  9.9405e-01  1.0000e+00  ...   4.1795e-24  1.3377e-24  4.2305e-25\n",
      "                ...                   ⋱                   ...                \n",
      " 4.2305e-25  1.3377e-24  4.1795e-24  ...   1.0000e+00  9.9405e-01  9.7642e-01\n",
      " 1.3221e-25  4.2305e-25  1.3377e-24  ...   9.9405e-01  1.0000e+00  9.9406e-01\n",
      " 4.0825e-26  1.3221e-25  4.2305e-25  ...   9.7642e-01  9.9406e-01  1.0000e+00\n",
      "[torch.cuda.FloatTensor of size 100x100 (GPU 0)]\n",
      "\n",
      "done\n",
      "Iter 1/200 - Loss: 19254.555\n",
      "starting forward\n",
      "gp layer\n",
      "Variable containing:\n",
      " 1.0000e+00  9.9402e-01  9.7628e-01  ...   2.9671e-25  9.2047e-26  2.8214e-26\n",
      " 9.9402e-01  1.0000e+00  9.9401e-01  ...   9.4506e-25  2.9672e-25  9.2047e-26\n",
      " 9.7628e-01  9.9401e-01  1.0000e+00  ...   2.9741e-24  9.4506e-25  2.9671e-25\n",
      "                ...                   ⋱                   ...                \n",
      " 2.9671e-25  9.4506e-25  2.9741e-24  ...   1.0000e+00  9.9401e-01  9.7628e-01\n",
      " 9.2047e-26  2.9672e-25  9.4506e-25  ...   9.9401e-01  1.0000e+00  9.9402e-01\n",
      " 2.8214e-26  9.2047e-26  2.9671e-25  ...   9.7628e-01  9.9402e-01  1.0000e+00\n",
      "[torch.cuda.FloatTensor of size 100x100 (GPU 0)]\n",
      "\n",
      "Variable containing:\n",
      " 1.0000e+00  9.9402e-01  9.7631e-01  ...   3.2145e-25  9.9886e-26  3.0668e-26\n",
      " 9.9402e-01  1.0000e+00  9.9402e-01  ...   1.0222e-24  3.2145e-25  9.9885e-26\n",
      " 9.7631e-01  9.9402e-01  1.0000e+00  ...   3.2116e-24  1.0222e-24  3.2145e-25\n",
      "                ...                   ⋱                   ...                \n",
      " 3.2145e-25  1.0222e-24  3.2116e-24  ...   1.0000e+00  9.9402e-01  9.7631e-01\n",
      " 9.9886e-26  3.2145e-25  1.0222e-24  ...   9.9402e-01  1.0000e+00  9.9403e-01\n",
      " 3.0668e-26  9.9885e-26  3.2145e-25  ...   9.7631e-01  9.9403e-01  1.0000e+00\n",
      "[torch.cuda.FloatTensor of size 100x100 (GPU 0)]\n",
      "\n",
      "done\n",
      "Iter 1/200 - Loss: 15264.458\n",
      "starting forward\n",
      "gp layer\n",
      "Variable containing:\n",
      " 1.0000e+00  9.9399e-01  9.7617e-01  ...   2.2760e-25  7.0219e-26  2.1404e-26\n",
      " 9.9399e-01  1.0000e+00  9.9399e-01  ...   7.2887e-25  2.2760e-25  7.0218e-26\n",
      " 9.7617e-01  9.9399e-01  1.0000e+00  ...   2.3062e-24  7.2887e-25  2.2760e-25\n",
      "                ...                   ⋱                   ...                \n",
      " 2.2760e-25  7.2887e-25  2.3062e-24  ...   1.0000e+00  9.9399e-01  9.7617e-01\n",
      " 7.0219e-26  2.2760e-25  7.2887e-25  ...   9.9399e-01  1.0000e+00  9.9399e-01\n",
      " 2.1404e-26  7.0218e-26  2.2760e-25  ...   9.7617e-01  9.9399e-01  1.0000e+00\n",
      "[torch.cuda.FloatTensor of size 100x100 (GPU 0)]\n",
      "\n",
      "Variable containing:\n",
